9162728436
9155180335
7488503345
8539973437
9123141701
8797185795
8918737457
7543819901
9153168852
7277439477
9973742808
8340531136
7352434277
7004714419
7992421107
7870613133
8825109474
9572601133
8122314621
8074284238
8987581467
8341333755
7368948179
9835910447
7631177771
9835542531
7541078401
8092492376
9852522865
9534221247
7677398172
8210900279
6202392106
9608941184
9905721510
9128469133
8294061642
9939653137
7061110629
7480057342
8709459272
8217819645
6203370203
7667298986
9142204814
6205083705
6200973979
953401689
8210950757
7992437983
8809861964
8340386788
9693562038
7091433931
6207410889
7260926013
9162180384
7070584065
8292828417
8092506125
6203804625
9471356135
8434830638
6207088180
9608361902
9523259388
8709078044
7903009820
7858953432
7352470082
7050390308
7050030023
6205083705
8271452763
9546784771
7033447241
9934519903
9798926417
8809640693
9931839841
9051412741
7050816059
7645929042
6507575716
8271452763
9973370165
8969749997
9661206966
7738103719
7050816059
8210880955
7759999047
9241030817
6299767584
8521177416
9973801461
8210950757
9661206966
9508675968
9031893708
7992421107
7677398172
8294061642
9229568980
9973617163
8969096490
8789662283
9334586233
8825109474
8217819645
9122258402
9263134537
7050030023
8789932287
8272977245
9693220859
9608767377
8981867214
8320885253